0,35 HD             ;FILO SMALTATO CLASSE H GRADO 2          ;KG;00005;27.08;33.04;0.00;0.00;0.00;0.00;22.56;27.52;18.05;22 ;          ;          ;          ;;KG;KG;KG;1.000000;1.000000;1.000000;        
0,45 HD             ;FILO SMALTATO CLASSE H GRADO 2          ;KG;00005;27.08;33.04;0.00;0.00;0.00;0.00;22.56;27.52;18.05;22 ;          ;          ;          ;;KG;KG;KG;1.000000;1.000000;1.000000;        
0,75 HD             ;FILO SMALTATO CLASSE H GRADO 2          ;KG;00005;27.08;33.04;0.00;0.00;0.00;0.00;22.56;27.52;18.05;22 ;          ;          ;          ;;KG;KG;KG;1.000000;1.000000;1.000000;        
0,80 HD             ;FILO SMALTATO CLASSE H GRADO 2          ;KG;00005;27.08;33.04;0.00;0.00;0.00;0.00;22.56;27.52;18.05;22 ;          ;          ;          ;;KG;KG;KG;1.000000;1.000000;1.000000;        
0,85 HD             ;FILO SMALTATO CLASSE H GRADO 2          ;KG;00005;27.08;33.04;0.00;0.00;0.00;0.00;22.56;27.52;18.05;22 ;          ;          ;          ;;KG;KG;KG;1.000000;1.000000;1.000000;        
0,95 HD             ;FILO SMALTATO CLASSE H GRADO 2          ;KG;00005;27.08;33.04;0.00;0.00;0.00;0.00;22.56;27.52;18.05;22 ;          ;          ;          ;;KG;KG;KG;1.000000;1.000000;1.000000;        
00.14               ;O-RING                                  ;NR;ELENC;1.80;2.20;0.00;0.00;0.00;0.00;1.50;1.83;1.20;22 ;          ;          ;          ;;  ;  ;  ;0.000000;0.000000;0.000000;        
01.33               ;O-RING VALVOLA                          ;NR;00013;2.25;2.75;0.00;0.00;0.00;0.00;1.88;2.29;1.50;22 ;          ;          ;          ;;  ;  ;  ;0.000000;0.000000;0.000000;        
01.51               ;O-RING                                  ;NR;00013;2.48;3.03;0.00;0.00;0.00;0.00;2.06;2.51;1.65;22 ;          ;          ;          ;;  ;  ;  ;0.000000;0.000000;0.000000;        
02.28               ;O-RING PISTONE                          ;NR;00013;2.48;3.03;0.00;0.00;0.00;0.00;2.06;2.51;1.65;22 ;          ;          ;          ;;  ;  ;  ;0.000000;0.000000;0.000000;        
062500060177210     ;SMC6 30/12E + 6GF - 18,5kW              ;NR;00010;2541.03;3100.06;0.00;0.00;0.00;0.00;0.00;0.00;2033.06;22 ;          ;          ;          ;;  ;  ;  ;0.000000;0.000000;0.000000;        
1,00 HD             ;FILO SMALTATO CLASSE H GRADO 2          ;KG;00005;27.08;33.04;0.00;0.00;0.00;0.00;22.56;27.52;18.05;22 ;          ;          ;          ;;KG;KG;KG;1.000000;1.000000;1.000000;        
1,06 HD             ;FILO SMALTATO CLASSE H GRADO 2          ;KG;00005;27.08;33.04;0.00;0.00;0.00;0.00;22.56;27.52;18.05;22 ;          ;          ;          ;;KG;KG;KG;1.000000;1.000000;1.000000;        
1,12 HD             ;FILO SMALTATO CLASSE H GRADO 2          ;KG;00005;27.08;33.04;0.00;0.00;0.00;0.00;22.56;27.52;18.05;22 ;          ;          ;          ;;KG;KG;KG;1.000000;1.000000;1.000000;        
1,18 HD             ;FILO SMALTATO CLASSE H GRADO 2          ;KG;00005;27.08;33.04;0.00;0.00;0.00;0.00;22.56;27.52;18.05;22 ;          ;          ;          ;;KG;KG;KG;1.000000;1.000000;1.000000;        
1,32 HD             ;FILO SMALTATO CLASSE H GRADO 2          ;KG;00005;27.08;33.04;0.00;0.00;0.00;0.00;22.56;27.52;18.05;22 ;          ;          ;          ;;KG;KG;KG;1.000000;1.000000;1.000000;        
1,60 HD             ;FILO SMALTATO CLASSE H GRADO 2          ;KG;00005;27.08;33.04;0.00;0.00;0.00;0.00;22.56;27.52;18.05;22 ;          ;          ;          ;;KG;KG;KG;1.000000;1.000000;1.000000;        
10008               ;MOTORE ASPIRALIQUIDI W.1500 ( WIRBEL 960;NR;00002;153.20;186.90;0.00;0.00;0.00;0.00;127.66;155.75;102.13;22 ;          ;          ;          ;;  ;  ;  ;0.000000;0.000000;0.000000;        
10018               ;MOTORE ASPIRA POLVERE-LIQUIDI ( VEDI ABP;NR;00002;44.18;53.90;0.00;0.00;0.00;0.00;36.81;44.91;29.45;22 ;          ;          ;          ;;  ;  ;  ;0.000000;0.000000;0.000000;        
10076               ;MOTORE ASP.LIQUIDI CONVOGLIATO          ;NR;00002;38.84;47.38;0.00;0.00;0.00;0.00;32.36;39.48;25.89;22 ;          ;          ;          ;;  ;  ;  ;0.000000;0.000000;0.000000;        
10077               ;MOTORE ASP.LIQUIDI CONVOGL. TR          ;NR;00002;74.82;91.28;0.00;0.00;0.00;0.00;62.35;76.07;49.88;22 ;          ;          ;          ;;  ;  ;  ;0.000000;0.000000;0.000000;        
100B3156P400T       ;MOTORE ELETTRICOTRIFASE 1.5KW 6P B3 MEC ;NR;00008;124.50;151.89;0.00;0.00;0.00;0.00;103.75;126.58;83.00;22 ;          ;          ;          ;2P6B3;  ;  ;  ;0.000000;0.000000;0.000000;        
102660040           ;JET 102 M                               ;NR;00010;130.18;158.82;125.53;153.15;120.88;147.48;116.23;141.80;92.99;22 ;          ;          ;          ;;  ;  ;  ;0.000000;0.000000;0.000000;        
102660060           ;JET 112 M                               ;NR;00010;130.18;158.82;125.53;153.15;120.88;147.48;116.23;141.80;92.99;22 ;          ;          ;          ;;  ;  ;  ;0.000000;0.000000;0.000000;        
10297               ;FUSIBILE 80 Amp (10PZ)                  ;NR;00060;4.50;5.49;0.00;0.00;0.00;0.00;3.75;4.58;3.00;22 ;          ;          ;          ;;  ;  ;  ;0.000000;0.000000;0.000000;        
103040040           ;FEKA VS 750 M-A                         ;NR;00010;216.00;263.52;0.00;0.00;0.00;0.00;200.00;244.00;160.00;22 ;          ;          ;          ;;  ;  ;  ;0.000000;0.000000;0.000000;        
103040080           ;FEKA VS 1000 M-A                        ;NR;00010;278.10;339.28;0.00;0.00;0.00;0.00;257.50;314.15;206.00;22 ;          ;          ;          ;;  ;  ;  ;0.000000;0.000000;0.000000;        
103040090           ;FEKA VS 1000 M-NA                       ;NR;00010;270.00;329.40;0.00;0.00;0.00;0.00;250.00;305.00;200.00;22 ;          ;          ;          ;;  ;  ;  ;0.000000;0.000000;0.000000;        
103040100           ;FEKA VS 1000 T-NA 400/50                ;NR;00010;278.10;339.28;0.00;0.00;0.00;0.00;257.50;314.15;206.00;22 ;          ;          ;          ;;  ;  ;  ;0.000000;0.000000;0.000000;        
105110234           ;KLP 40/1200 T                           ;NR;00010;216.00;263.52;0.00;0.00;0.00;0.00;200.00;244.00;160.00;22 ;          ;          ;          ;;  ;  ;  ;0.000000;0.000000;0.000000;        
1075050586          ;GIRANTE GHI.MD40-200/7,5 D203           ;NR;00016;142.50;173.85;0.00;0.00;0.00;0.00;118.75;144.88;95.00;22 ;          ;          ;          ;;  ;  ;  ;0.000000;0.000000;0.000000;        
108320460           ;E2D5T                                   ;NR;00067;139.48;170.16;130.18;158.82;120.88;147.48;116.23;141.80;92.99;22 ;          ;          ;          ;;  ;  ;  ;0.000000;0.000000;0.000000;        
112M4B5DB           ;MOTORE ELETTRICO TRIFASE 4 KW 4P B5 TS11;NR;00008;246.54;300.78;0.00;0.00;0.00;0.00;205.45;250.65;164.36;22 ;          ;          ;          ;;  ;  ;  ;0.000000;0.000000;0.000000;        
112M4BB5DB          ;MOTORE TRIFASE 4 KW 4P B5 GR.112        ;NR;00008;232.58;283.75;0.00;0.00;0.00;0.00;193.81;236.45;155.05;22 ;          ;          ;          ;;  ;  ;  ;0.000000;0.000000;0.000000;        
119RID111           ;CAME MECCANISMO RIDUTTORE ATI           ;NR;00062;48.00;40.47;0.00;0.00;0.00;0.00;29.61;36.12;39.32;22 ;          ;          ;          ;;  ;  ;  ;0.000000;0.000000;0.000000;        
119RID121           ;CAME 119RID121 Giunto Trasmissione E Pig;NR;00062;4.30;5.25;0.00;0.00;0.00;0.00;3.84;4.68;3.07;22 ;          ;          ;          ;;  ;  ;  ;0.000000;0.000000;0.000000;        
119RID299           ;GIUNTO TRASMISSIONE E PIGNONE - A1824/A1;NR;00062;5.19;6.33;0.00;0.00;0.00;0.00;4.64;5.66;3.71;22 ;          ;          ;          ;;  ;  ;  ;0.000000;0.000000;0.000000;        
12013               ;SPINA SHUKO 16/250                      ;NR;00051;1.80;2.20;0.00;0.00;0.00;0.00;1.50;1.83;1.20;22 ;          ;          ;          ;;  ;  ;  ;0.000000;0.000000;0.000000;        
12014               ;SPINA CIVILE 16/250                     ;NR;00051;1.50;1.83;0.00;0.00;0.00;0.00;1.25;1.53;1.00;22 ;          ;          ;          ;;  ;  ;  ;0.000000;0.000000;0.000000;        
1212                ;BATTERIA NI-CD CILINDRICA 1,2V-2000MAH  ;NR;00037;3.00;3.66;0.00;0.00;0.00;0.00;2.50;3.05;2.00;22 ;          ;          ;          ;;  ;  ;  ;0.000000;0.000000;0.000000;        
125XR220            ;VENTILATORE ASSIALE 230V 119x119x38 mm. ;NR;00018;7.28;8.88;0.00;0.00;0.00;0.00;6.06;7.39;4.85;22 ;          ;          ;          ;;  ;  ;  ;0.000000;0.000000;0.000000;        
132SB2B3DB          ;MOTORE ELETTRICO TRIFASE 7.5 KW 2P B3 TS;NR;00008;359.31;438.36;0.00;0.00;0.00;0.00;299.43;365.30;239.54;22 ;          ;          ;          ;;  ;  ;  ;0.000000;0.000000;0.000000;        
14.20               ;OR 189X199X2,5                          ;NR;00016;5.25;6.41;4.90;5.98;0.00;0.00;4.73;5.76;0.00;   ;          ;          ;          ;;NR;NR;NR;1.000000;1.000000;1.000000;        
148VKEC             ;VENTILATORE ASSIALE 35W 150x172x51mm 230;NR;00018;34.92;42.60;0.00;0.00;0.00;0.00;29.10;35.50;23.28;22 ;          ;          ;          ;;  ;  ;  ;0.000000;0.000000;0.000000;        
15114050            ;CILINDRO PNEUMAX 1511 X 40-50 STELO INOX;NR;00001;102.20;124.68;0.00;0.00;0.00;0.00;91.25;111.33;73.00;22 ;          ;          ;          ;;  ;  ;  ;0.000000;0.000000;0.000000;        
160B31104P400T      ;MOTORE ELETTRICO TRIFASE 11 KW 4P B3 MEC;NR;00008;615.00;750.30;574.00;700.28;0.00;0.00;533.00;650.26;410.00;22 ;          ;          ;          ;;  ;  ;  ;0.000000;0.000000;0.000000;        
17017               ;MANDRINO 10.mm 3/8(LD10F38R)            ;NR;00013;20.18;24.62;0.00;0.00;0.00;0.00;16.81;20.51;13.45;22 ;          ;          ;          ;;  ;  ;  ;0.000000;0.000000;0.000000;        
17018               ;MANDRINO 10.mm  1/2(LD10F12R)           ;NR;00013;11.99;14.63;0.00;0.00;0.00;0.00;9.99;12.19;7.99;22 ;          ;          ;          ;;  ;  ;  ;0.000000;0.000000;0.000000;        
17027               ;MANDRINO 1-13 CREMAGLIE(AH13F12)        ;NR;00013;14.22;17.35;0.00;0.00;0.00;0.00;11.85;14.46;9.48;22 ;          ;          ;          ;;  ;  ;  ;0.000000;0.000000;0.000000;        
17057               ;MANDRINO 1-13 1/2x20 PERCUSS.(TU13F12R) ;NR;00013;39.90;48.68;0.00;0.00;0.00;0.00;33.25;40.57;26.60;22 ;          ;          ;          ;;  ;  ;  ;0.000000;0.000000;0.000000;        
1CDA461             ;FILTRO ASP. H5-H6                       ;NR;00020;30.00;36.60;0.00;0.00;0.00;0.00;25.00;30.50;8.20;22 ;          ;          ;          ;;  ;  ;  ;0.000000;0.000000;0.000000;        
2029831             ;BOCCA DI MANDATA ID2 150 NERO FORATO    ;NR;00016;12.30;15.01;0.00;0.00;0.00;0.00;10.25;12.51;8.20;22 ;          ;          ;          ;;  ;  ;  ;0.000000;0.000000;0.000000;        
2068550             ;GIRANTE IDEA/ID2 100 D.70.8 DIS.100 40/4;NR;00016;8.15;9.94;0.00;0.00;0.00;0.00;6.79;8.28;5.43;22 ;          ;          ;          ;;  ;  ;  ;0.000000;0.000000;0.000000;        
2203155             ;2203155 / SUPPORTO TAMB. ELEV. TR225    ;NR;00012;43.26;52.78;0.00;0.00;0.00;0.00;36.05;43.98;28.84;22 ;          ;          ;          ;;  ;  ;  ;0.000000;0.000000;0.000000;        
2279315             ;Diodo Vishay VS-16F120, Catodo a vite, 2;NR;00036;9.36;11.42;0.00;0.00;0.00;0.00;5.85;7.14;4.68;22 ;          ;          ;          ;;  ;  ;  ;0.000000;0.000000;0.000000;        
2279321             ;Diodo Vishay VS-16FR120, Anodo a vite, 2;NR;00036;15.48;18.89;0.00;0.00;0.00;0.00;9.68;11.81;7.74;22 ;          ;          ;          ;;  ;  ;  ;0.000000;0.000000;0.000000;        
2279416             ;Diodo rettificatore 40HF80 (40A 800V)   ;NR;00036;10.82;13.20;0.00;0.00;0.00;0.00;6.76;8.25;5.41;22 ;          ;          ;          ;;  ;  ;  ;0.000000;0.000000;0.000000;        
2279422             ;Diodo rettificatore 40HFR80  (40A 800V) ;NR;00036;11.28;13.76;0.00;0.00;0.00;0.00;7.05;8.60;5.64;22 ;          ;          ;          ;;  ;  ;  ;0.000000;0.000000;0.000000;        
2291246             ;COPRIVENTOLA TR.225                     ;NR;00012;20.49;25.00;0.00;0.00;0.00;0.00;17.08;20.84;13.66;22 ;          ;          ;          ;;  ;  ;  ;0.000000;0.000000;0.000000;        
23700700            ;INTERRUTTORE STAYER Leva 4168/A         ;NR;00031;24.24;29.57;0.00;0.00;0.00;0.00;18.94;23.11;15.15;22 ;          ;          ;          ;;  ;  ;  ;0.000000;0.000000;0.000000;        
292200100141/4      ;BATTERIA NI-MH CILINDRICA 1,2V-2000MAH  ;NR;00037;2.70;3.29;0.00;0.00;0.00;0.00;2.25;2.75;1.80;22 ;          ;          ;          ;;  ;  ;  ;0.000000;0.000000;0.000000;        
2FD80MA             ;SCATOLA PORTACONDENSATORE               ;NR;00015;9.12;11.13;9.12;11.13;9.12;11.13;7.98;9.74;5.70;22 ;          ;          ;          ;;  ;  ;  ;0.000000;0.000000;0.000000;        
3043636             ;GRUPPO BASE NMRV-P 090 1/40 COD.3043636 ;NR;00015;0.00;0.00;0.00;0.00;0.00;0.00;0.00;0.00;0.00;   ;          ;          ;          ;;NR;NR;NR;1.000000;1.000000;1.000000;        
3044011             ;FLANGIA PAM80/90 B5 D.200 X NMRV-P090-11;NR;00015;0.00;0.00;0.00;0.00;0.00;0.00;0.00;0.00;0.00;   ;          ;          ;          ;;NR;NR;NR;1.000000;1.000000;1.000000;        
3061911             ;BOCCOLA NMRVP075/090 D.24 COD.3061911   ;NR;00015;0.00;0.00;0.00;0.00;0.00;0.00;0.00;0.00;0.00;   ;          ;          ;          ;;NR;NR;NR;1.000000;1.000000;1.000000;        
3130015             ;INGRANAGGIO USCITA                      ;NR;00012;58.50;71.37;0.00;0.00;0.00;0.00;48.75;59.48;39.00;22 ;          ;          ;          ;;  ;  ;  ;0.000000;0.000000;0.000000;        
3130021             ;INGRANAGGIO DOPPIO 2 RULLI              ;NR;00012;52.50;64.05;0.00;0.00;0.00;0.00;43.75;53.38;35.00;22 ;          ;          ;          ;;  ;  ;  ;0.000000;0.000000;0.000000;        
32.00               ;RACCORDO NM 80/16A-B-C-D                ;NR;00016;198.00;241.56;184.80;225.46;0.00;0.00;178.20;217.40;0.00;   ;          ;          ;          ;;NR;NR;NR;1.000000;1.000000;1.000000;        
3203866             ;KIT GANCIO+FUNE 5X26M                   ;NR;00012;118.65;144.75;0.00;0.00;0.00;0.00;98.88;120.63;79.10;22 ;          ;          ;          ;;  ;  ;  ;0.000000;0.000000;0.000000;        
3203930             ;000.08DUTTORE ETA BETA V230-50          ;NR;00012;206.54;251.98;0.00;0.00;0.00;0.00;172.11;209.97;137.69;22 ;          ;          ;          ;;  ;  ;  ;0.000000;0.000000;0.000000;        
3208791             ;CINGHIA POLY-V 340J6                    ;NR;00012;12.72;15.52;0.00;0.00;0.00;0.00;10.60;12.93;8.48;22 ;          ;          ;          ;;  ;  ;  ;0.000000;0.000000;0.000000;        
3208828             ;PULEGGIA MOTORE SY 140-190-250-350      ;NR;00012;13.11;15.99;0.00;0.00;0.00;0.00;10.93;13.33;8.74;22 ;          ;          ;          ;;  ;  ;  ;0.000000;0.000000;0.000000;        
3209030             ;CINGHIA POLY-V 380J6                    ;NR;00012;13.46;16.42;0.00;0.00;0.00;0.00;11.21;13.68;8.97;22 ;          ;          ;          ;;  ;  ;  ;0.000000;0.000000;0.000000;        
3210487             ;INGRANAGGIO Z81 M1.25 NYLON+30%FV       ;NR;00012;14.72;17.96;0.00;0.00;0.00;0.00;12.26;14.96;9.81;22 ;          ;          ;          ;;  ;  ;  ;0.000000;0.000000;0.000000;        
3229076             ;QUADRO ELET.S 350 230V50                ;NR;00012;74.33;90.68;0.00;0.00;0.00;0.00;61.94;75.57;49.55;22 ;          ;          ;          ;;  ;  ;  ;0.000000;0.000000;0.000000;        
3670212             ;AMMORTIZZATORE                          ;NR;00013;33.00;40.26;0.00;0.00;0.00;0.00;27.50;33.55;22.00;22 ;          ;          ;          ;;  ;  ;  ;0.000000;0.000000;0.000000;        
3RGB                ;MOT. MON. COND. 2 ALBERI 3VEL. 4 POLI   ;NR;00018;69.41;84.68;0.00;0.00;0.00;0.00;57.84;70.56;46.27;22 ;          ;          ;          ;;  ;  ;  ;0.000000;0.000000;0.000000;        
3RGB620             ;MOTORE BIALBERO 20W 6 POLI 3 VEL.       ;NR;00018;71.25;86.93;0.00;0.00;0.00;0.00;59.38;72.44;47.50;22 ;          ;          ;          ;;  ;  ;  ;0.000000;0.000000;0.000000;        
456769              ;RELE' 250VAC-60A-15000VA                ;NR;00060;63.60;77.59;0.00;0.00;0.00;0.00;53.00;64.66;42.40;22 ;          ;          ;          ;;  ;  ;  ;0.000000;0.000000;0.000000;        
5010141             ;CARBONCINO X 100-200-400 BDS            ;NR;00013;12.10;14.76;0.00;0.00;0.00;0.00;10.80;13.18;8.64;22 ;          ;          ;          ;;  ;  ;  ;0.000000;0.000000;0.000000;        
5010171             ;INDOTTO MAB 100                         ;NR;00013;210.00;256.20;0.00;0.00;0.00;0.00;187.50;228.75;150.00;22 ;          ;          ;          ;;  ;  ;  ;0.000000;0.000000;0.000000;        
504201050           ;S4E 23                                  ;NR;00010;130.18;158.82;125.53;153.15;120.88;147.48;116.23;141.80;92.99;22 ;          ;          ;          ;;  ;  ;  ;0.000000;0.000000;0.000000;        
56B4B5DB            ;MOTORE TRIF.4P KW 0,09 B5 56B 230/400V  ;NR;00008;51.45;62.77;0.00;0.00;0.00;0.00;42.88;52.31;34.30;22 ;          ;          ;          ;;  ;  ;  ;0.000000;0.000000;0.000000;        
56C4                ;MOTORE TRIF.4P KW 0,12 B3 56C 230/400V  ;NR;00008;44.10;53.80;0.00;0.00;0.00;0.00;36.75;44.84;29.40;22 ;          ;          ;          ;;  ;  ;  ;0.000000;0.000000;0.000000;        
5708915015          ;000.08NO (GESIPA TIPO 12355/12356)      ;NR;00013;68.25;83.27;0.00;0.00;0.00;0.00;56.88;69.39;45.50;22 ;          ;          ;          ;;  ;  ;  ;0.000000;0.000000;0.000000;        
60111425            ;DIFFUSER 100lt. WELDED                  ;NR;00016;3.69;4.50;0.00;0.00;0.00;0.00;3.08;3.76;2.46;22 ;          ;          ;          ;;  ;  ;  ;0.000000;0.000000;0.000000;        
60116837            ;TRASMETT.PRESS. PA-21Y 16 BAR-CABL.1 M  ;NR;00016;118.02;143.98;0.00;0.00;0.00;0.00;109.28;133.32;87.42;22 ;          ;          ;          ;;  ;  ;  ;0.000000;0.000000;0.000000;        
60122482            ;IDEA 2W 75M 230/50 RNF15MT DAB          ;NR;00010;139.48;170.16;130.18;158.82;120.88;147.48;116.23;141.80;92.99;22 ;          ;          ;          ;;  ;  ;  ;0.000000;0.000000;0.000000;        
60144583            ;TR875 55KW V400/50 DOL                  ;NR;00010;139.48;170.16;130.18;158.82;120.88;147.48;116.23;141.80;92.99;22 ;          ;          ;          ;;  ;  ;  ;0.000000;0.000000;0.000000;        
60144849            ;KE 36/200 T MCE30/P                     ;PZ;00010;0.00;0.00;0.00;0.00;0.00;0.00;0.00;0.00;0.00;   ;          ;          ;          ;;PZ;PZ;PZ;1.000000;1.000000;1.000000;        
60145481            ;Feka 2025.2 TNA                         ;NR;00010;139.48;170.16;130.18;158.82;120.88;147.48;116.23;141.80;92.99;22 ;          ;          ;          ;;  ;  ;  ;0.000000;0.000000;0.000000;        
60167622            ;K 50/400 T 400D/50 IE3                  ;NR;00010;1033.21;1260.52;0.00;0.00;0.00;0.00;956.68;1167.15;765.34;22 ;          ;          ;          ;;  ;  ;  ;0.000000;0.000000;0.000000;        
6020492             ;XRIC TUBO L300 GENIUS 6020492           ;NR;00062;0.00;0.00;0.00;0.00;0.00;0.00;0.00;0.00;0.00;   ;          ;          ;          ;;NR;NR;NR;1.000000;1.000000;1.000000;        
6033                ;COMMUTATORE TRIPOLARE 16A C/LEVA METALLO;NR;00029;23.00;28.06;0.00;0.00;0.00;0.00;14.38;17.54;11.50;22 ;          ;          ;          ;;  ;  ;  ;0.000000;0.000000;0.000000;        
6218740200          ;GRUPPO 5900B ABAC                       ;NR;00001;448.00;546.56;0.00;0.00;0.00;0.00;400.00;488.00;320.00;22 ;          ;          ;          ;;  ;  ;  ;0.000000;0.000000;0.000000;        
63B4B14DB           ;MOTORE ELETTRICO TRIFASE 0.18 KW 4P B14 ;NR;00008;62.81;76.63;0.00;0.00;0.00;0.00;52.34;63.85;41.87;22 ;          ;          ;          ;;  ;  ;  ;0.000000;0.000000;0.000000;        
63B4B5DB            ;MOTORE TRIFASE 0.18 KW 4P B5            ;NR;00008;56.13;68.48;0.00;0.00;0.00;0.00;46.78;57.07;37.42;22 ;          ;          ;          ;;  ;  ;  ;0.000000;0.000000;0.000000;        
63B50184P400T       ;MOTORE ELETTRICO TRIFASE 0.18 KW 4P     ;NR;00008;123.00;150.06;114.80;140.06;106.60;130.05;102.50;125.05;82.00;22 ;          ;          ;          ;;  ;  ;  ;0.000000;0.000000;0.000000;        
63C2B5DB            ;MOTORE ELETTRICO MONOFASE 0.18 KW 2P B5 ;NR;00008;62.21;75.90;0.00;0.00;0.00;0.00;51.84;63.24;41.47;22 ;          ;          ;          ;;  ;  ;  ;0.000000;0.000000;0.000000;        
63C4B5DB            ;MOTORE TRIFASE 0.22 KW 4P B5            ;NR;00008;59.07;72.07;0.00;0.00;0.00;0.00;49.23;60.06;39.38;22 ;          ;          ;          ;;  ;  ;  ;0.000000;0.000000;0.000000;        
63M4B5DB            ;MOTORE ELETTRICO TRIFASE 0.37 KW 4 POLI ;NR;00008;102.00;124.44;0.00;0.00;0.00;0.00;85.00;103.70;68.00;22 ;          ;          ;          ;;  ;  ;  ;0.000000;0.000000;0.000000;        
650248              ;MANOPOLA                                ;NR;00060;1.92;2.34;0.00;0.00;0.00;0.00;1.60;1.95;1.28;22 ;          ;          ;          ;;  ;  ;  ;0.000000;0.000000;0.000000;        
651037              ;DEVIATORE                               ;NR;00060;1.28;1.56;0.00;0.00;0.00;0.00;1.06;1.29;0.85;22 ;          ;          ;          ;;  ;  ;  ;0.000000;0.000000;0.000000;        
651107              ;INTERRUTTORE                            ;NR;00060;1.79;2.18;0.00;0.00;0.00;0.00;1.49;1.82;1.19;22 ;          ;          ;          ;;  ;  ;  ;0.000000;0.000000;0.000000;        
651109              ;COMMUTATORE 7 POSIZIONI                 ;NR;00060;32.84;40.06;0.00;0.00;0.00;0.00;27.36;33.38;21.89;22 ;          ;          ;          ;;  ;  ;  ;0.000000;0.000000;0.000000;        
651148              ;INTERRUTTORE                            ;NR;00060;2.01;2.45;0.00;0.00;0.00;0.00;1.68;2.05;1.34;22 ;          ;          ;          ;;  ;  ;  ;0.000000;0.000000;0.000000;        
651150              ;COMMUTATORE 3 POSIZIONI                 ;NR;00060;37.11;45.27;0.00;0.00;0.00;0.00;30.93;37.73;24.74;22 ;          ;          ;          ;;  ;  ;  ;0.000000;0.000000;0.000000;        
654042              ;LAMPADA                                 ;NR;00060;2.60;3.17;0.00;0.00;0.00;0.00;2.16;2.64;1.73;22 ;          ;          ;          ;;  ;  ;  ;0.000000;0.000000;0.000000;        
657014              ;TERMICO                                 ;NR;00060;3.83;4.67;0.00;0.00;0.00;0.00;3.19;3.89;2.55;22 ;          ;          ;          ;;  ;  ;  ;0.000000;0.000000;0.000000;        
657027              ;TERMICO                                 ;NR;00060;3.83;4.67;0.00;0.00;0.00;0.00;3.19;3.89;2.55;22 ;          ;          ;          ;;  ;  ;  ;0.000000;0.000000;0.000000;        
666055              ;RADDRIZZATORE                           ;NR;00060;19.80;24.16;0.00;0.00;0.00;0.00;16.50;20.13;13.20;22 ;          ;          ;          ;;  ;  ;  ;0.000000;0.000000;0.000000;        
674009              ;PINZA POSITIVO SENZA CAVO               ;NR;00060;1.35;1.65;0.00;0.00;0.00;0.00;1.13;1.38;0.90;22 ;          ;          ;          ;;  ;  ;  ;0.000000;0.000000;0.000000;        
674010              ;PINZA NEGATIVO SENZA CAVO               ;NR;00060;1.35;1.65;0.00;0.00;0.00;0.00;1.13;1.38;0.90;22 ;          ;          ;          ;;  ;  ;  ;0.000000;0.000000;0.000000;        
6875803             ;Raddrizzatore a ponte Taiwan Semiconduct;NR;00036;11.28;13.76;0.00;0.00;0.00;0.00;7.05;8.60;5.64;22 ;          ;          ;          ;;  ;  ;  ;0.000000;0.000000;0.000000;        
6876106             ;TIMER MULTIFUNZIONE 12-24 VAC/DC H5CX-AD;PZ;00047;267.63;326.51;0.00;0.00;0.00;0.00;223.03;272.10;0.00;   ;          ;          ;          ;;PZ;PZ;PZ;1.000000;1.000000;1.000000;        
6SL3210-5BB17-5BV1  ;SINAMICS V20 200-240V1AC Rated power H.S;NR;00057;0.00;0.00;0.00;0.00;0.00;0.00;0.00;0.00;0.00;   ;          ;          ;          ;;NR;NR;NR;1.000000;1.000000;1.000000;        
700355              ;Coppia di membrane di ricambio per SECOH;NR;00012;91.35;113.35;0.00;0.00;0.00;0.00;0.00;0.00;60.90;   ;          ;          ;          ;;NR;NR;NR;1.000000;1.000000;1.000000;        
70KITPIEDIDB        ;KIT PIEDI 71 MOTOVARIO                  ;NR;00015;10.40;12.69;0.00;0.00;0.00;0.00;10.00;12.20;8.00;22 ;          ;          ;          ;;  ;  ;  ;0.000000;0.000000;0.000000;        
71A4B5DB            ;MOTORE ELETTRICO TRIFASE 0.37 KW 4P B5 T;NR;00008;72.51;88.46;0.00;0.00;0.00;0.00;60.43;73.72;48.34;22 ;          ;          ;          ;;  ;  ;  ;0.000000;0.000000;0.000000;        
71B6A               ;MOTORE TRIF. B3 GIRI 900  KW 0,25       ;NR;00008;64.20;78.32;0.00;0.00;0.00;0.00;53.50;65.27;42.80;22 ;          ;          ;          ;;  ;  ;  ;0.000000;0.000000;0.000000;        
71C2AB5DB           ;MOTORE TRIF.2P KW 0,75 B5 71C 230/400V  ;NR;00008;79.55;97.05;0.00;0.00;0.00;0.00;66.29;80.87;53.03;22 ;          ;          ;          ;;  ;  ;  ;0.000000;0.000000;0.000000;        
71M2B3B5DB          ;MOTORE TRIFASE 0.55 KW 2P B5/B3 TS71 B2 ;NR;00008;79.76;97.31;0.00;0.00;0.00;0.00;66.46;81.08;53.17;22 ;          ;          ;          ;;  ;  ;  ;0.000000;0.000000;0.000000;        
71M2B5DB            ;MOTORE ELETTRICO TRIFASE 0.55 KW 2P B5 T;NR;00008;72.51;88.46;0.00;0.00;0.00;0.00;60.43;73.72;48.34;22 ;          ;          ;          ;;  ;  ;  ;0.000000;0.000000;0.000000;        
71M4BB5DB           ;MOTORE TRIF.4P KW 0,37 B5 71B 230/400V  ;NR;00008;68.46;83.52;0.00;0.00;0.00;0.00;57.05;69.60;45.64;22 ;          ;          ;          ;;  ;  ;  ;0.000000;0.000000;0.000000;        
71M4CB14DB          ;MOTORE ELETTRICO TRIFASE 0.55 KW 2P B14 ;NR;00008;72.51;88.46;0.00;0.00;0.00;0.00;60.43;73.72;48.34;22 ;          ;          ;          ;;  ;  ;  ;0.000000;0.000000;0.000000;        
71M4CB5DB           ;MOTORE TRIF.4P KW 0,55 4P B5 TS71C4 IE1 ;NR;00008;75.98;92.70;0.00;0.00;0.00;0.00;63.31;77.24;50.65;22 ;          ;          ;          ;;  ;  ;  ;0.000000;0.000000;0.000000;        
80A2B5DB            ;MOTORE ELETTRICO TRIFASE 0.75 KW 2P B5 T;NR;00008;88.31;107.74;0.00;0.00;0.00;0.00;73.59;89.78;58.87;22 ;          ;          ;          ;;  ;  ;  ;0.000000;0.000000;0.000000;        
80A4B3DB            ;MOTORE ELETTRICO TRIFASE 0.75 KW 4P B3 T;NR;00008;88.31;107.74;0.00;0.00;0.00;0.00;73.59;89.78;58.87;22 ;          ;          ;          ;;  ;  ;  ;0.000000;0.000000;0.000000;        
80B2B3B5DB          ;MOTORE ELETTRICO TRIFASE  1.1 KW 2P B3-B;NR;00008;96.50;117.73;0.00;0.00;0.00;0.00;80.41;98.10;64.33;22 ;          ;          ;          ;;  ;  ;  ;0.000000;0.000000;0.000000;        
80B3074P235M        ;MOTORE ELETTRICO MONOFASE 0.75 KW 4P    ;NR;00008;123.00;150.06;114.80;140.06;106.60;130.05;102.50;125.05;82.00;22 ;          ;          ;          ;;  ;  ;  ;0.000000;0.000000;0.000000;        
80B3152P235M        ;MOTORE ELETTRICO MONOFASE 1.5KW 2P B3 ME;NR;00008;124.50;151.89;0.00;0.00;0.00;0.00;103.75;126.58;83.00;22 ;          ;          ;          ;;  ;  ;  ;0.000000;0.000000;0.000000;        
80B4B14DB           ;MOTORE ELETTRICO TRIFASE  0.75 KW 4P B14;NR;00008;92.99;113.45;0.00;0.00;0.00;0.00;77.49;94.54;61.99;22 ;          ;          ;          ;;  ;  ;  ;0.000000;0.000000;0.000000;        
80B4B5DB            ;MOTORE ELETTRICO TRIFASE  0.75 KW 4P B5 ;NR;00008;92.99;113.45;0.00;0.00;0.00;0.00;77.49;94.54;61.99;22 ;          ;          ;          ;;  ;  ;  ;0.000000;0.000000;0.000000;        
80B4DB              ;MOTORE ELETTRICO MONOFASE 0.75 KW 4P    ;NR;00008;61.04;74.47;0.00;0.00;0.00;0.00;50.86;62.05;40.69;22 ;          ;          ;          ;;  ;  ;  ;0.000000;0.000000;0.000000;        
80B6AB5             ;MOTORE TRIF.6P KW 0,55 B5 80B 230/400V  ;NR;00008;94.14;114.85;0.00;0.00;0.00;0.00;78.45;95.71;62.76;22 ;          ;          ;          ;;  ;  ;  ;0.000000;0.000000;0.000000;        
80C2DB              ;MOTORE ELETTRICO MONOFASE 1.1 KW 2P B3 G;NR;00008;124.95;152.44;0.00;0.00;0.00;0.00;104.13;127.04;83.30;22 ;          ;          ;          ;;  ;  ;  ;0.000000;0.000000;0.000000;        
80C4DB              ;MOTORE ELETTRICO MONOFASE 1.1 KW 4P B5  ;NR;00008;130.50;159.21;0.00;0.00;0.00;0.00;108.75;132.68;87.00;22 ;          ;          ;          ;;  ;  ;  ;0.000000;0.000000;0.000000;        
80D2B5DB            ;MOTORE ELETTRICO MONOFASE 1.5KW 2P B5 GR;NR;00008;126.75;154.64;0.00;0.00;0.00;0.00;105.63;128.87;84.50;22 ;          ;          ;          ;;  ;  ;  ;0.000000;0.000000;0.000000;        
80D2DB              ;MOTORE ELETTRICO MONOFASE 1.5KW 2P B3 GR;NR;00008;124.50;151.89;0.00;0.00;0.00;0.00;103.75;126.58;83.00;22 ;          ;          ;          ;;  ;  ;  ;0.000000;0.000000;0.000000;        
80E2B5DB            ;MOTORE ELETTRICO MONOFASE 1.84KW 2P B5 G;NR;00008;217.20;264.98;0.00;0.00;0.00;0.00;181.00;220.82;144.80;22 ;          ;          ;          ;;  ;  ;  ;0.000000;0.000000;0.000000;        
80KITPIEDIDB        ;KIT PIEDI GR. 80 DR                     ;NR;00015;11.70;14.27;0.00;0.00;0.00;0.00;11.25;13.73;9.00;22 ;          ;          ;          ;;  ;  ;  ;0.000000;0.000000;0.000000;        
80M4BB5DB           ;MOTORE TRIF.4P KW 0,75 B3 80B  IE2      ;NR;00008;127.58;155.65;0.00;0.00;0.00;0.00;106.31;129.70;85.05;22 ;          ;          ;          ;;  ;  ;  ;0.000000;0.000000;0.000000;        
90B3154P235M        ;MOTORE ELETTRICO MONOFASE 1.5KW 4P B3 ME;NR;00008;156.00;190.32;145.60;177.63;0.00;0.00;135.20;164.94;104.00;22 ;          ;          ;          ;SOG;  ;  ;  ;0.000000;0.000000;0.000000;        
90B5152P400T        ;MOTORE ELETTRICO TRIFASE 1.5KW 2P B5 MEC;NR;00008;105.00;128.10;98.00;119.56;0.00;0.00;91.00;111.02;70.00;   ;          ;          ;          ;0011;NR;NR;NR;1.000000;1.000000;1.000000;        
90L4AB5DB           ;MOTORE TRIF.4P KW 1,5 B5 90L 230/400V   ;NR;00008;125.12;152.65;0.00;0.00;0.00;0.00;104.26;127.20;83.41;22 ;          ;          ;          ;;  ;  ;  ;0.000000;0.000000;0.000000;        
90LB2B3DB           ;MOTORE ELETTRICO TRIFASE 3 KW 2P B3 TS90;NR;00008;143.81;175.45;0.00;0.00;0.00;0.00;119.84;146.20;95.87;22 ;          ;          ;          ;;  ;  ;  ;0.000000;0.000000;0.000000;        
90LB3DB             ;MOTORE ELETTRICO MONOFASE 2.2 KW 2P B3 G;NR;00008;173.55;211.73;0.00;0.00;0.00;0.00;144.63;176.45;115.70;22 ;          ;          ;          ;;  ;  ;  ;0.000000;0.000000;0.000000;        
90LB4B3DB           ;MOTORE ELETTRICO TRIFASE  1.85 KW 2P B5 ;NR;00008;131.52;160.45;0.00;0.00;0.00;0.00;109.60;133.71;87.68;22 ;          ;          ;          ;;  ;  ;  ;0.000000;0.000000;0.000000;        
90M4B3DB            ;MOTORE ELETTRICO MONOFASE 1.5KW 4P B3 GR;NR;00008;157.50;192.15;0.00;0.00;0.00;0.00;131.25;160.13;105.00;22 ;          ;          ;          ;;  ;  ;  ;0.000000;0.000000;0.000000;        
90S2AB5DB           ;MOTORE ELETTRICO TRIFASE  1.5 KW 2P B5 T;NR;00008;120.00;146.40;0.00;0.00;0.00;0.00;100.00;122.00;75.22;22 ;          ;          ;          ;;  ;  ;  ;0.000000;0.000000;0.000000;        
90S4AB5DB           ;MOTORE TRIF.4P KW 1,5 B5 90S  IE2 230/40;NR;00008;125.12;152.65;0.00;0.00;0.00;0.00;104.26;127.20;83.41;22 ;          ;          ;          ;;  ;  ;  ;0.000000;0.000000;0.000000;        
90S4B3DB            ;MOTORE ELETTRICO TRIFASE  1.1 KW 4P B3 T;NR;00008;137.87;168.20;0.00;0.00;0.00;0.00;114.89;140.17;79.73;22 ;          ;          ;          ;;  ;  ;  ;0.000000;0.000000;0.000000;        
9101880000          ;GR.COMPR AB 360+COOLER FJ               ;NR;00001;219.45;267.73;0.00;0.00;0.00;0.00;195.94;239.05;156.75;22 ;          ;          ;          ;;  ;  ;  ;0.000000;0.000000;0.000000;        
A10                 ;CONTROFACCIA GRAFITE 18,1x11x5,5        ;NR;00017;2.82;3.44;0.00;0.00;0.00;0.00;1.60;1.95;1.28;22 ;          ;          ;          ;;  ;  ;  ;0.000000;0.000000;0.000000;        
A102MA              ;INT.BIP.GRILLETTO-PULS.MARCIA ( fuori pr;NR;00017;8.25;10.07;0.00;0.00;0.00;0.00;4.69;5.72;3.75;22 ;          ;          ;          ;;  ;  ;  ;0.000000;0.000000;0.000000;        
A12                 ;CONTROFACCIA GRAFITE 20,6x13x5,5        ;NR;00017;3.03;3.70;3.03;3.70;0.00;0.00;3.03;3.70;1.38;22 ;          ;          ;          ;;  ;  ;  ;0.000000;0.000000;0.000000;        
A1203PL1            ;INTERRUTTORE TRIPOLARE 12A              ;NR;00030;13.65;16.65;0.00;0.00;0.00;0.00;10.04;12.25;8.03;22 ;          ;          ;          ;;  ;  ;  ;0.000000;0.000000;0.000000;        
A1234PL1            ;INVERTITORE MOTORE C/ESCLUS. CENTR. 12A ;NR;00030;31.09;37.93;0.00;0.00;0.00;0.00;22.86;27.89;18.29;22 ;          ;          ;          ;;  ;  ;  ;0.000000;0.000000;0.000000;        
A12NU               ;CONTROF. GRAFITE 23X13X7                ;NR;00017;3.56;4.34;0.00;0.00;0.00;0.00;2.03;2.48;1.62;22 ;          ;          ;          ;;  ;  ;  ;0.000000;0.000000;0.000000;        
A14                 ;CONTROFACCIA GRAFITE 23,1x15x6          ;NR;00017;3.23;3.94;0.00;0.00;0.00;0.00;1.84;2.24;1.47;22 ;          ;          ;          ;;  ;  ;  ;0.000000;0.000000;0.000000;        
A16                 ;CONTROFACCIA GRAFITE 26,9x17x7          ;NR;00017;3.56;4.34;0.00;0.00;0.00;0.00;2.03;2.48;1.62;22 ;          ;          ;          ;;  ;  ;  ;0.000000;0.000000;0.000000;        
A17                 ;CONTROFACCIA GRAFITE 26,9x18x7          ;NR;00017;3.65;4.45;0.00;0.00;0.00;0.00;2.08;2.54;1.66;22 ;          ;          ;          ;;  ;  ;  ;0.000000;0.000000;0.000000;        
A18                 ;CONTROFACCIA GRAFITE 30,9x19x8          ;NR;00017;4.40;5.36;4.40;5.36;0.00;0.00;3.52;4.29;1.76;22 ;          ;          ;          ;;  ;  ;  ;0.000000;0.000000;0.000000;        
A20                 ;CONTROFACCIA GRAFITE 30,9x21x8          ;NR;00017;5.02;6.12;0.00;0.00;0.00;0.00;2.85;3.48;2.28;22 ;          ;          ;          ;;  ;  ;  ;0.000000;0.000000;0.000000;        
A200281014          ;GRUPPO FRIZIONE                         ;NR;00013;82.98;101.24;0.00;0.00;0.00;0.00;69.15;84.36;55.32;22 ;          ;          ;          ;;  ;  ;  ;0.000000;0.000000;0.000000;        
A200300035          ;INTERRUTTORE (vedi MK6501028 )          ;NR;00013;24.00;29.28;0.00;0.00;0.00;0.00;20.00;24.40;16.00;22 ;          ;          ;          ;;  ;  ;  ;0.000000;0.000000;0.000000;        
A200447002          ;MOTORE (C12DD)                          ;NR;00013;16.34;19.93;0.00;0.00;0.00;0.00;13.61;16.60;10.89;22 ;          ;          ;          ;;  ;  ;  ;0.000000;0.000000;0.000000;        
A200447003          ;SCATOLA INGRANAGGI ( MILWAUKEE C12DD)   ;NR;00013;44.81;54.67;0.00;0.00;0.00;0.00;37.34;45.55;29.87;22 ;          ;          ;          ;;  ;  ;  ;0.000000;0.000000;0.000000;        
A200608002          ;COPPIA PORTASPAZZOLE                    ;NR;00066;6.00;7.32;0.00;0.00;0.00;0.00;5.00;6.10;4.00;22 ;          ;          ;          ;;  ;  ;  ;0.000000;0.000000;0.000000;        
A200784002          ;MOTORE ( MILWAUKEE C12HZ seghetto)      ;NR;00013;22.85;27.88;0.00;0.00;0.00;0.00;19.04;23.23;15.23;22 ;          ;          ;          ;;  ;  ;  ;0.000000;0.000000;0.000000;        
A200823004          ;COPPIA SPAZZOLE                         ;NR;00066;7.20;8.78;0.00;0.00;0.00;0.00;6.00;7.32;4.80;22 ;          ;          ;          ;;  ;  ;  ;0.000000;0.000000;0.000000;        
A20NU               ;CONTROFACCIA GRAFITE 35x21x10           ;NR;00017;7.00;8.54;0.00;0.00;0.00;0.00;3.98;4.86;3.18;22 ;          ;          ;          ;;  ;  ;  ;0.000000;0.000000;0.000000;        
A20V                ;CONTROF.GRAFITE+VITON 21x30,9x8         ;NR;00017;10.45;12.75;0.00;0.00;0.00;0.00;5.94;7.25;4.75;22 ;          ;          ;          ;;  ;  ;  ;0.000000;0.000000;0.000000;        
A22                 ;CONTROFACCIA GRAFITE 35,4x23x8          ;NR;00017;5.65;6.89;0.00;0.00;0.00;0.00;3.21;3.92;2.57;22 ;          ;          ;          ;;  ;  ;  ;0.000000;0.000000;0.000000;        
A22NU               ;CONTROFACCIA GRAFITE 37x23x10           ;NR;00017;8.47;10.33;0.00;0.00;0.00;0.00;4.81;5.87;3.85;22 ;          ;          ;          ;;  ;  ;  ;0.000000;0.000000;0.000000;        
A24                 ;CONTROF. GRAFITE NORMALE                ;NR;00017;6.49;7.92;0.00;0.00;0.00;0.00;3.69;4.50;2.95;22 ;          ;          ;          ;;  ;  ;  ;0.000000;0.000000;0.000000;        
A24NU               ;CONTROF. GRAFITE UNIFICATA              ;NR;00017;8.67;10.58;0.00;0.00;0.00;0.00;4.93;6.01;3.94;22 ;          ;          ;          ;;  ;  ;  ;0.000000;0.000000;0.000000;        
A25                 ;CONTROFACCIA GRAFITE 38,2x26x8,5        ;NR;00017;10.41;12.70;0.00;0.00;0.00;0.00;4.34;5.29;3.47;22 ;          ;          ;          ;;  ;  ;  ;0.000000;0.000000;0.000000;        
A25NU               ;CONTROFACCIA GRAFITE 40x26x10           ;NR;00017;9.92;12.10;0.00;0.00;0.00;0.00;5.64;6.88;4.51;22 ;          ;          ;          ;;  ;  ;  ;0.000000;0.000000;0.000000;        
A25V                ;CONTROF.GRAFITE+VITON 26x38,2x8,5       ;NR;00017;16.72;20.40;0.00;0.00;0.00;0.00;9.50;11.59;7.60;22 ;          ;          ;          ;;  ;  ;  ;0.000000;0.000000;0.000000;        
A26                 ;CONTROFACCIA GRAFITE 38,2x27x8,5        ;NR;00017;7.74;9.44;0.00;0.00;0.00;0.00;4.40;5.37;3.52;22 ;          ;          ;          ;;  ;  ;  ;0.000000;0.000000;0.000000;        
